1 23
0 18
0 24
1 31
0 15
0 21
1 30
0 37
1 30
0 35
0 14
1 29
0 11
0 21
0 23
0 9
0 38
0 17
1 47
0 21
0 31
0 38
0 32
1 29
0 19
1 9
0 18
1 40
0 22
0 47
1 14
1 11
1 30
1 22
1 14
0 38
0 36
0 21
0 23
0 9
0 22
1 31
0 12
1 28
1 39
0 27
0 38
0 30
1 29
0 18
1 30
1 24
1 29
1 37
1 23
1 31
0 4
1 26
0 11
0 31
0 9
0 9
1 30
0 40
1 23
0 23
0 14
1 11
1 38
1 12
0 12
0 11
0 30
0 22
0 38
0 30
0 13
0 38
0 48
0 23
0 17
0 39
0 13
0 22
0 39
0 38
0 18
0 12
0 31
0 12
1 19
0 9
1 38
0 44
0 37
0 31
1 32
1 40
0 29
1 29
0 9
1 22
1 39
0 14
0 29
1 13
1 11
0 21
0 18
0 31
1 18
0 38
0 19
0 36
1 23
1 47
1 45
0 6
1 4
0 27
1 14
0 17
0 18
0 38
1 30
0 27
0 22
0 11
0 13
0 12
0 31
0 12
0 8
1 21
1 11
0 30
1 21
0 23
0 27
1 30
0 41
0 30
0 18
1 30
0 24
0 10
1 24
0 17
1 30
0 18
1 19
0 9
0 28
1 27
0 19
1 22
0 11
0 47
0 18
0 17
0 39
0 17
0 23
0 24
0 30
1 38
1 30
0 24
0 39
1 31
1 17
0 8
1 14
0 24
1 6
0 39
1 9
1 23
0 32
0 28
0 31
0 28
1 19
0 27
1 35
1 39
0 30
1 37
0 26
1 31
1 13
0 13
1 9
1 40
0 27
1 15
1 14
0 39
1 29
1 11
0 13
0 19
1 23
1 15
0 27
1 37
0 12
0 38
1 41
0 31
0 44
0 29
0 15
0 28
1 23
0 29
0 47
1 29
0 22
1 32
1 21
0 13
0 7
0 9
0 24
0 40
0 11
1 6
0 24
1 29
1 22
1 15
1 9
0 40
0 22
0 30
0 26
1 37
0 13
0 39
0 15
0 38
0 12
1 37
0 32
0 18
1 9
1 23
0 26
0 19
1 18
0 37
0 21
1 11
0 17
1 11
0 38
0 18
0 24
0 22
0 32
0 12
0 38
1 28
1 22
1 47
0 38
0 14
0 11
0 24
0 41
0 48
0 14
1 12
0 9
0 21
1 17
0 18
0 13
0 22
0 22
1 30
0 47
0 9
1 21
0 23
0 15
1 23
0 9
0 23
0 39
0 30
1 13
1 23
0 22
0 13
0 23
0 39
0 21
0 13
0 19
0 24
0 24
1 30
0 23
0 17
0 19
0 17
0 44
1 24
0 47
1 22
0 31
1 19
0 21
0 12
0 39
1 38
1 11
1 38
0 39
0 30
1 23
1 21
0 37
1 8
0 30
0 15
1 20
1 26
1 47
0 11
0 24
0 24
0 14
1 26
1 40
1 17
0 24
0 12
0 22
1 30
0 27
0 14
0 28
1 30
1 12
1 40
1 18
0 31
0 23
1 26
0 11
1 22
0 41
0 39
1 27
0 22
1 28
1 35
1 39
0 30
1 14
0 27
0 13
1 8
0 47
1 13
0 19
1 31
0 9
1 22
0 9
1 38
0 17
0 31
0 30
0 19
0 13
1 13
1 4
1 38
1 21
0 29
0 22
0 24
1 23
0 21
0 3
0 40
1 12
1 30
0 32
0 40
0 23
1 18
0 40
0 23
1 19
0 30
0 17
0 29
1 40
1 9
0 12
0 40
1 11
0 32
0 28
0 39
0 36
0 22
1 21
1 14
0 40
1 40
1 40
1 37
0 31
0 8
1 30
1 17
0 40
0 19
0 7
1 8
1 24
0 30
1 10
1 13
0 14
1 19
0 17
1 27
1 31
0 39
1 4
0 12
1 17
1 31
0 36
0 19
0 24
1 31
0 41
0 39
0 24
0 12
1 4
0 23
0 8
0 28
1 29
0 23
1 18
1 48
0 22
0 30
0 30
0 29
1 47
0 24
1 37
1 8
0 27
0 28
0 19
0 29
0 31
1 32
1 21
0 13
0 23
0 40
1 31
0 13
0 31
1 38
1 22
1 24
0 15
0 24
0 15
0 22
1 14
1 23
0 47
1 31
0 38
0 30
0 19
0 29
1 11
0 36
1 36
0 35
0 18
1 18
1 37
0 39
