1.67296 1.46769 205.165 0 0 0.00567866
1.67296 1.46769 359.039 0 0 0.00567866
1.67296 7.58984 192.342 0 0 0.0657687
1.67296 18.0324 38.4685 0 0 0.228083
1.67296 104.905 38.4685 0 0 0.75786
8.65135 7.46451 474.445 0 0 0.142604
8.65135 17.7346 423.153 0 0 0.494613
8.65135 17.7346 551.382 0 0 0.494613
8.65135 47.0831 577.027 0 0 1.71773
8.65135 79.2935 76.937 0 0 2.46498
20.5544 17.3111 474.445 0 0 0.69102
20.5544 77.3999 217.988 0 0 3.46006
20.5544 77.3999 589.85 0 0 3.46006
20.5544 90.6841 179.52 0 0 3.17709
20.5544 90.6841 525.736 0 0 3.17709
20.5544 106.586 333.394 0 0 1.07699
36.3274 1.37639 38.4685 0 0 0.02017
36.3274 44.8955 628.319 0 0 2.82313
36.3274 88.5862 564.204 0 0 3.74996
36.3274 98.3791 589.85 0 0 2.75387
54.5692 1.35683 448.799 0 0 0.0215123
54.5692 29.4628 371.862 0 0 1.86054
54.5692 59.7403 243.634 0 0 3.96273
54.5692 87.3275 397.508 0 0 4.01447
54.5692 87.3275 500.09 0 0 4.01447
73.6591 7.01656 243.634 0 0 0.249181
73.6591 16.6704 320.571 0 0 0.86469
73.6591 16.6704 371.862 0 0 0.86469
73.6591 29.4628 487.267 0 0 1.86054
73.6591 44.2576 435.976 0 0 3.01378
73.6591 74.5351 0 0 0 4.3596
73.6591 87.3275 512.913 0 0 4.01447
73.6591 102.641 602.673 0 0 1.36652
91.9009 1.37639 51.2913 0 0 0.02017
91.9009 1.37639 397.508 0 0 0.02017
91.9009 7.11769 474.445 0 0 0.233628
91.9009 7.11769 628.319 0 0 0.233628
91.9009 29.8875 64.1141 0 0 1.74374
91.9009 75.6093 474.445 0 0 4.07663
107.674 77.3999 115.405 0 0 3.46006
107.674 90.6841 64.1141 0 0 3.17709
107.674 106.586 38.4685 0 0 1.07699
119.577 1.44345 397.508 0 0 0.0123125
119.577 7.46451 25.6457 0 0 0.142604
119.577 109.194 89.7598 0 0 0.763577
126.555 7.58984 76.937 0 0 0.0657687
126.555 7.58984 269.279 0 0 0.0657687
126.555 47.8736 333.394 0 0 0.791272
126.555 111.027 538.559 0 0 0.349705
